$ 1 0.000005 10.20027730826997 50 5 43
f 96 224 176 224 33 1.5 0.02
w 96 224 96 160 0
w 96 224 96 256 0
w 96 160 96 144 0
v 96 32 144 32 0 0 40 5 0 0 0.5
g 176 336 176 368 0
w 96 144 96 112 0
s 144 32 240 32 0 0 false
r 96 256 96 320 0 100000
w 96 320 176 320 0
w 176 320 176 336 0
d 256 192 256 240 2 default
w 256 240 336 240 0
v 192 272 192 240 0 0 40 4.2 0 0 0.5
g 160 272 144 272 0
w 160 272 192 272 0
w 240 112 256 112 0
w 256 112 256 192 0
w 176 320 288 320 0
w 240 32 240 112 0
w 96 112 240 112 0
g 96 32 96 64 0
w 192 240 176 240 0
w 176 208 256 240 0
r 336 240 336 320 0 1000
w 288 320 336 320 0
